Phosphor Bronze - Round Wound (EXP Coated and Uncoated)

Item# Unit Weight b a g f e d c B
PB020 .00008106 - 26.4 21.0 16.6 14.8 11.8 9.3 8.3
PB021 .00008944 - 29.1 23.1 18.4 16.4 13.0 10.3 9.2
PB022 .00009876 40.5 32.2 25.5 20.3 18.1 14.3 11.4 10.1
PB023 .00010801 44.3 35.2 27.9 22.2 19.7 15.7 12.4 11.1
PB024 .00011682 - 38.1 30.2 24.0 21.4 16.9 13.5 12.0
PB025 .00012686 - 41.3 32.8 26.0 23.2 18.4 14.6 13.0
PB026 .00013640 - 44.4 35.3 28.0 24.9 19.8 15.7 14.0
PB027 .00014834 - - 38.4 30.4 27.1 21.5 17.1 15.2

Item# Unit Weight f e d c B A G F
PB029 .00017381 35.7 31.8 25.2 20.0 17.8 14.2 11.2 8.9
PB030 .00018660 38.3 34.1 27.1 21.5 19.2 15.2 12.1 9.6
PB032 .00021018 43.1 38.4 30.5 24.2 21.6 17.1 13.6 10.8
PB034 .00023887 - 43.7 34.7 27.5 24.5 19.5 15.4 12.3
PB035 .00025365 52.1 46.4 36.8 29.2 26.0 20.7 16.4 13.0
PB036 .00026830 55.1 49.0 38.9 30.9 27.5 21.9 17.3 13.8

Item# Unit Weight c B A G F E D C
PB039 .00031125 35.8 32.0 25.4 20.1 16.0 14.2 11.3 9.0
PB042 .00036722 42.3 37.7 29.9 23.7 18.8 16.8 13.3 10.6
PB045 .00041751 48.1 42.9 34.0 27.0 21.4 19.1 15.1 12.0

Item# Unit Weight A G F E D C B' A'
PB047 .00045289 36.9 29.3 23.2 20.7 16.4 13.0 11.6 9.2
PB049 .00049151 40.0 31.8 25.2 22.5 17.8 14.2 12.6 10.0
PB052 .00055223 45.0 35.7 28.3 25.2 20.0 15.9 14.2 11.2
PB053 .00056962 46.4 36.8 29.2 26.0 20.7 16.4 14.6 11.6
PB056D .00063477 51.7 41.0 32.6 29.0 23.0 18.3 16.3 12.9
PB059 .00070535 57.5 45.6 36.2 32.2 25.6 20.3 18.1 14.4
PB060 .00073039 59.5 47.2 37.5 33.4 26.5 21.0 18.7 14.9
PB062 .00077682 63.3 50.2 39.9 35.5 28.2 22.4 19.9 15.8
PB064 .00082780 67.4 53.5 42.5 37.8 30.0 23.8 21.2 16.9
PB066 .00087718 71.4 56.7 45.0 40.1 31.8 25.3 22.5 17.9
PB070 .00096833 78.9 62.6 49.7 44.3 35.1 27.9 24.8 19.7

Flat Tops - Phosphor Bronze Polished
Item# Unit Weight a g f e d c B A
FT023 .00012568 40.9 32.5 25.8 23.0 18.2 14.5 12.9 10.2
FT024 .00013651 44.5 35.3 28.0 25.0 19.8 15.7 14.0 11.1
FT026 .00015894 - 41.1 32.6 29.1 23.1 18.3 16.3 12.9
FT028 .00017209 56.1 44.5 35.3 31.5 25.0 19.8 17.7 14.0

Item# Unit Weight f e d c B A G F
FT030 .00019785 40.6 36.2 28.7 22.8 20.3 16.1 12.8 10.1
FT032 .00023852 48.9 43.6 34.6 27.5 24.5 19.4 15.4 12.2
FT035 .00027781 - 50.8 40.3 32.0 28.5 22.6 18.0 14.3
FT036 .00029273 60.1 53.5 42.5 33.7 30.1 23.8 18.9 15.0

Item# Unit Weight c B A G F E D C
FT039 .00032904 37.9 33.8 26.8 21.3 16.9 15.0 11.9 9.5
FT042 .00036219 41.7 37.2 29.5 23.4 18.6 16.6 13.1 10.4
FT044 .00041047 47.3 42.1 33.4 26.5 21.1 18.8 14.9 11.8
FT045 .00042603 49.1 43.7 34.7 27.5 21.9 19.5 15.5 12.3

Item# Unit Weight A G F E D C B' A'
FT047 .00046166 37.6 29.8 23.7 21.1 16.7 13.3 11.8 9.4
FT053 .00055793 45.4 36.1 28.6 25.5 20.2 16.1 14.3 11.4
FT056 .00064108 52.2 41.4 32.9 29.3 23.2 18.5 16.4 13.1

80-20’S- 80/20 Brass Round Wound

Item# Unit Weight b a g f e d c B
BW020 .00007862 - 25.6 20.3 16.1 14.4 11.4 9.1 8.1
BW021 .00008684 - 28.3 22.5 17.8 15.9 12.6 10.0 8.9
BW022 .00009600 39.4 31.3 24.8 19.7 17.6 13.9 11.1 9.9
BW023 .00010509 43.1 34.2 27.2 21.6 19.2 15.2 12.1 10.8
BW024 .00011353 - 37.0 29.4 23.3 20.8 16.5 13.1 11.7
BW025 .00012339 - 40.2 31.9 25.3 22.6 17.9 14.2 12.7
BW026 .00013253 - 43.2 34.3 27.2 24.2 19.2 15.3 13.6
BW027 .00014397 - 46.9 37.2 29.5 26.3 20.9 16.6 14.8

Item# Unit Weight f e d c B A G F
BW029 .00016838 34.6 30.8 24.4 19.4 17.3 13.7 10.9 8.6
BW030 .00018092 37.1 33.1 26.2 20.8 18.6 14.7 11.7 9.3
BW032 .00020352 41.8 37.2 29.5 23.4 20.9 16.6 13.2 10.4
BW034 .00022752 46.7 41.6 33.0 26.2 23.4 18.5 14.7 11.7
BW035 .00024006 49.3 43.9 34.8 27.6 24.6 19.6 15.5 12.3
BW036 .00025417 52.2 46.5 36.9 29.3 26.1 20.7 16.4 13.0

Item# Unit Weight c B A G F E D C
BW039 .00030063 34.6 30.9 24.5 19.4 15.4 13.7 10.9 8.7
BW042 .00034808 40.1 35.7 28.4 22.5 17.9 15.9 12.6 10.0
BW045 .00040245 46.3 41.3 32.8 26.0 20.6 18.4 14.6 11.6

Item# Unit Weight A G F E D C B' A'
BW047 .00043634 35.5 28.2 22.4 19.9 15.8 12.6 11.2 8.9
BW049 .00047368 38.6 30.6 24.3 21.6 17.2 13.6 12.1 9.6
BW052 .00053224 43.4 34.4 27.3 24.3 19.3 15.3 13.6 10.8
BW053 .00054852 44.7 35.5 28.1 25.1 19.9 15.8 14.1 11.2
BW056 .00061132 49.8 39.5 31.4 27.9 22.2 17.6 15.7 12.4
BW059 .00068005 55.4 44.0 34.9 31.1 24.7 19.6 17.4 13.8

Great American Bronze - 85/15 Brass Round Wound

Item# Unit Weight b a g f e d c B
ZW022 .00009802 40.2 31.9 25.3 20.1 17.9 14.2 11.3 10.1
ZW024 .00011594 - 37.8 30.0 23.8 21.2 16.8 13.4 11.9
ZW025 .00012592 - 41.0 32.6 25.8 23.0 18.3 14.5 12.9
ZW026 .00013536 - 44.1 35.0 27.8 24.7 19.6 15.6 13.9

Item# Unit Weight f e d c B A G F
ZW030 .00018507 38.0 33.8 26.8 21.3 19.0 15.1 12.0 9.5
ZW032 .00020839 42.8 38.1 30.2 24.0 21.4 17.0 13.5 10.7
ZW034 .00023316 47.8 42.6 33.8 26.9 23.9 19.0 15.1 12.0
ZW035 .00024610 50.5 45.0 35.7 28.3 25.3 20.0 15.9 12.6
ZW036 .00026045 53.4 47.6 37.8 30.0 26.7 21.2 16.8 13.4

Item# Unit Weight c B A G F E D C
ZW040 .00032631 37.6 33.5 26.6 21.1 16.7 14.9 11.8 9.4
ZW042 .00035735 41.2 36.7 29.1 23.1 18.3 16.3 13.0 10.3
ZW044 .00038985 44.9 40.0 31.8 25.2 20.0 17.8 14.1 11.2
ZW045 .00040665 46.8 41.7 33.1 26.3 20.9 18.6 14.7 11.7
ZW046 .00042565 49.0 43.7 34.7 27.5 21.8 19.5 15.4 12.3

Item# Unit Weight A G F E D C B' A'
ZW050 .00050824 41.4 32.9 26.1 23.2 18.4 14.6 13.0 10.3
ZW052 .00054686 44.5 35.4 28.1 25.0 19.8 15.7 14.0 11.1
ZW054 .00058694 47.8 37.9 30.1 26.8 21.3 16.9 15.0 12.0
ZW056 .00062847 51.2 40.6 32.2 28.7 22.8 18.1 16.1 12.8
